[array([1.]), array([1.        , 0.99367089]), array([1., 1., 1.]), array([1.        , 1.        , 1.        , 0.59493671]), array([1.        , 1.        , 1.        , 0.59493671, 0.38571429]), array([1., 1., 1., 1., 1., 1.]), array([1.        , 1.        , 1.        , 0.99841772, 1.        ,
       1.        , 1.        ]), array([1., 1., 1., 1., 1., 1., 1., 1.]), array([1.        , 1.        , 1.        , 0.99841772, 1.        ,
       1.        , 1.        , 1.        , 1.        ]), array([1., 1., 1., 1., 1., 1., 1., 1., 1., 1.]), array([1.        , 1.        , 1.        , 0.59810127, 1.        ,
       1.        , 1.        , 0.99841772, 1.        , 1.        ,
       0.9984127 ]), array([1., 1., 1., 1., 1., 1., 1., 1., 1., 1., 1., 1.]), array([1.        , 1.        , 1.        , 1.        , 1.        ,
       1.        , 1.        , 1.        , 1.        , 1.        ,
       1.        , 0.99841772, 1.        ]), array([1., 1., 1., 1., 1., 1., 1., 1., 1., 1., 1., 1., 1., 1.]), array([1., 1., 1., 1., 1., 1., 1., 1., 1., 1., 1., 1., 1., 1., 1.]), array([0.99841772, 1.        , 1.        , 1.        , 1.        ,
       1.        , 1.        , 1.        , 1.        , 1.        ,
       1.        , 1.        , 1.        , 1.        , 1.        ,
       1.        ]), array([0.58386076, 0.99841772, 1.        , 1.        , 1.        ,
       1.        , 1.        , 1.        , 1.        , 1.        ,
       1.        , 1.        , 1.        , 1.        , 1.        ,
       1.        , 0.99841772]), array([1., 1., 1., 1., 1., 1., 1., 1., 1., 1., 1., 1., 1., 1., 1., 1., 1.,
       1.]), array([1., 1., 1., 1., 1., 1., 1., 1., 1., 1., 1., 1., 1., 1., 1., 1., 1.,
       1., 1.]), array([1.        , 1.        , 1.        , 1.        , 1.        ,
       1.        , 1.        , 1.        , 1.        , 0.57827476,
       1.        , 1.        , 1.        , 0.62341772, 0.57911392,
       1.        , 0.58702532, 1.        , 0.65822785, 0.56487342]), array([1., 1., 1., 1., 1., 1., 1., 1., 1., 1., 1., 1., 1., 1., 1., 1., 1.,
       1., 1., 1., 1.]), array([1., 1., 1., 1., 1., 1., 1., 1., 1., 1., 1., 1., 1., 1., 1., 1., 1.,
       1., 1., 1., 1., 1.]), array([1., 1., 1., 1., 1., 1., 1., 1., 1., 1., 1., 1., 1., 1., 1., 1., 1.,
       1., 1., 1., 1., 1., 1.]), array([1., 1., 1., 1., 1., 1., 1., 1., 1., 1., 1., 1., 1., 1., 1., 1., 1.,
       1., 1., 1., 1., 1., 1., 1.]), array([1.        , 1.        , 1.        , 1.        , 1.        ,
       1.        , 1.        , 0.63924051, 1.        , 1.        ,
       1.        , 1.        , 1.        , 1.        , 1.        ,
       1.        , 1.        , 1.        , 1.        , 1.        ,
       1.        , 1.        , 1.        , 1.        , 1.        ]), array([1.        , 1.        , 1.        , 1.        , 1.        ,
       0.98259494, 1.        , 0.99841772, 0.59968354, 0.57827476,
       1.        , 1.        , 1.        , 0.62341772, 0.57911392,
       1.        , 0.58544304, 1.        , 0.65981013, 0.56487342,
       1.        , 1.        , 1.        , 1.        , 1.        ,
       1.        ]), array([1.        , 1.        , 1.        , 1.        , 1.        ,
       1.        , 1.        , 1.        , 1.        , 0.57827476,
       1.        , 1.        , 1.        , 1.        , 1.        ,
       1.        , 1.        , 1.        , 1.        , 1.        ,
       1.        , 1.        , 1.        , 1.        , 1.        ,
       0.59235669, 1.        ]), array([1.        , 1.        , 1.        , 1.        , 0.62857143,
       0.62183544, 1.        , 1.        , 1.        , 1.        ,
       1.        , 1.        , 0.57594937, 0.62341772, 0.5806962 ,
       1.        , 0.59177215, 1.        , 0.65981013, 1.        ,
       1.        , 1.        , 1.        , 1.        , 1.        ,
       1.        , 1.        , 1.        ]), array([1.        , 0.99841772, 1.        , 0.99841772, 1.        ,
       0.99841772, 1.        , 1.        , 1.        , 0.5798722 ,
       1.        , 1.        , 1.        , 0.62341772, 0.58227848,
       1.        , 0.99683544, 1.        , 0.99841772, 0.99683544,
       1.        , 1.        , 1.        , 1.        , 1.        ,
       1.        , 1.        , 1.        , 1.        ]), array([1.        , 1.        , 1.        , 1.        , 0.61746032,
       0.62183544, 1.        , 1.        , 1.        , 0.99840256,
       1.        , 1.        , 0.57436709, 1.        , 0.58227848,
       1.        , 0.59335443, 1.        , 0.66139241, 0.56487342,
       1.        , 1.        , 1.        , 1.        , 1.        ,
       1.        , 1.        , 1.        , 1.        , 0.57753165]), array([1.        , 1.        , 1.        , 1.        , 1.        ,
       1.        , 1.        , 1.        , 1.        , 0.57827476,
       1.        , 1.        , 1.        , 0.62341772, 0.58227848,
       1.        , 0.59177215, 1.        , 0.65822785, 0.56487342,
       1.        , 1.        , 1.        , 1.        , 1.        ,
       1.        , 1.        , 1.        , 1.        , 0.57753165,
       1.        ]), array([1.        , 1.        , 1.        , 1.        , 1.        ,
       1.        , 1.        , 1.        , 1.        , 0.57827476,
       1.        , 1.        , 1.        , 0.62341772, 0.58227848,
       1.        , 0.58544304, 1.        , 0.65822785, 0.56487342,
       1.        , 1.        , 1.        , 1.        , 1.        ,
       1.        , 1.        , 1.        , 1.        , 0.57753165,
       1.        , 1.        ]), array([1.        , 1.        , 1.        , 1.        , 1.        ,
       0.62341772, 1.        , 1.        , 1.        , 0.99680511,
       1.        , 1.        , 1.        , 0.625     , 0.58386076,
       1.        , 0.59651899, 1.        , 0.66297468, 0.5664557 ,
       1.        , 1.        , 1.        , 1.        , 1.        ,
       0.59235669, 1.        , 1.        , 1.        , 0.57753165,
       0.60443038, 1.        , 1.        ]), array([1.        , 1.        , 1.        , 1.        , 1.        ,
       0.99525316, 1.        , 1.        , 1.        , 0.99680511,
       1.        , 1.        , 1.        , 0.625     , 0.58386076,
       1.        , 0.59651899, 1.        , 0.66297468, 0.5664557 ,
       1.        , 1.        , 1.        , 1.        , 1.        ,
       1.        , 1.        , 1.        , 1.        , 0.57753165,
       1.        , 1.        , 1.        , 1.        ]), array([1.        , 1.        , 1.        , 1.        , 0.9952381 ,
       0.65189873, 1.        , 1.        , 1.        , 0.57827476,
       1.        , 1.        , 1.        , 0.62341772, 0.58386076,
       1.        , 0.58702532, 1.        , 0.65981013, 0.56487342,
       1.        , 1.        , 1.        , 1.        , 1.        ,
       1.        , 1.        , 1.        , 1.        , 0.57753165,
       1.        , 1.        , 1.        , 1.        , 1.        ]), array([1.        , 1.        , 1.        , 1.        , 0.63015873,
       0.87025316, 1.        , 1.        , 1.        , 0.99840256,
       1.        , 0.99841772, 1.        , 0.62341772, 0.58227848,
       1.        , 0.58544304, 1.        , 0.65981013, 0.5664557 ,
       1.        , 1.        , 1.        , 1.        , 1.        ,
       1.        , 1.        , 1.        , 1.        , 0.56803797,
       1.        , 1.        , 1.        , 1.        , 0.60443038,
       0.59651899]), array([1.        , 1.        , 1.        , 1.        , 0.41269841,
       0.49367089, 1.        , 1.        , 1.        , 0.57827476,
       0.9984127 , 0.99841772, 1.        , 0.62341772, 0.57594937,
       1.        , 0.58702532, 1.        , 0.65981013, 0.56487342,
       1.        , 1.        , 1.        , 1.        , 1.        ,
       1.        , 1.        , 1.        , 1.        , 0.57278481,
       1.        , 1.        , 1.        , 1.        , 0.5443038 ,
       0.21202532, 0.64398734]), array([1.        , 1.        , 1.        , 1.        , 0.45714286,
       0.77689873, 1.        , 1.        , 1.        , 0.57827476,
       1.        , 0.98892405, 1.        , 0.62341772, 0.58227848,
       1.        , 0.99683544, 1.        , 0.65981013, 0.56487342,
       1.        , 1.        , 1.        , 1.        , 1.        ,
       1.        , 1.        , 1.        , 1.        , 0.57753165,
       1.        , 1.        , 1.        , 0.99841772, 0.34493671,
       0.76107595, 0.64240506, 1.        ]), array([1.        , 1.        , 1.        , 1.        , 0.38095238,
       0.40031646, 1.        , 1.        , 1.        , 0.57827476,
       0.9984127 , 0.99525316, 1.        , 1.        , 1.        ,
       0.99841772, 1.        , 1.        , 0.99841772, 1.        ,
       1.        , 1.        , 1.        , 1.        , 0.99841772,
       0.99840764, 1.        , 1.        , 1.        , 1.        ,
       0.60443038, 1.        , 1.        , 1.        , 1.        ,
       0.99683544, 1.        , 1.        , 0.99683544]), array([1.        , 1.        , 1.        , 1.        , 0.37619048,
       0.41772152, 1.        , 0.99841772, 0.99841772, 0.57827476,
       0.9968254 , 1.        , 0.57594937, 1.        , 1.        ,
       0.99683544, 1.        , 1.        , 0.99841772, 0.99841772,
       1.        , 1.        , 1.        , 1.        , 1.        ,
       0.59235669, 1.        , 1.        , 1.        , 1.        ,
       1.        , 1.        , 1.        , 1.        , 1.        ,
       0.99841772, 1.        , 1.        , 1.        , 1.        ]), array([1.        , 1.        , 1.        , 1.        , 0.66349206,
       0.76898734, 1.        , 1.        , 0.99841772, 1.        ,
       1.        , 0.99683544, 1.        , 0.60917722, 0.57278481,
       0.99683544, 0.52531646, 1.        , 0.47943038, 0.51740506,
       1.        , 1.        , 1.        , 1.        , 1.        ,
       1.        , 1.        , 1.        , 1.        , 0.5443038 ,
       1.        , 0.99841772, 1.        , 1.        , 0.49841772,
       0.18829114, 0.52531646, 0.5952381 , 1.        , 1.        ,
       1.        ]), array([1.        , 1.        , 1.        , 0.59968354, 0.00793651,
       0.02848101, 1.        , 1.        , 0.99841772, 0.99680511,
       0.96190476, 0.94778481, 1.        , 1.        , 0.58227848,
       1.        , 1.        , 0.99841772, 0.99683544, 0.99683544,
       1.        , 1.        , 1.        , 1.        , 1.        ,
       1.        , 1.        , 1.        , 1.        , 0.57278481,
       1.        , 1.        , 1.        , 0.57594937, 1.        ,
       0.47626582, 0.64240506, 1.        , 0.28797468, 1.        ,
       1.        , 1.        ]), array([1.        , 1.        , 1.        , 1.        , 0.44444444,
       0.72626582, 0.99841772, 1.        , 1.        , 1.        ,
       0.93492063, 0.94778481, 0.99683544, 0.15664557, 0.20727848,
       1.        , 0.02848101, 1.        , 0.22468354, 0.27848101,
       1.        , 1.        , 1.        , 1.        , 1.        ,
       0.99840764, 1.        , 1.        , 1.        , 0.06487342,
       1.        , 0.99841772, 1.        , 1.        , 0.14398734,
       0.26898734, 0.30537975, 0.45238095, 0.93987342, 1.        ,
       1.        , 1.        , 0.9984127 ]), array([1.        , 1.        , 1.        , 1.        , 0.41746032,
       0.65031646, 0.99841772, 0.99841772, 1.        , 0.99041534,
       0.86666667, 0.86234177, 0.99841772, 0.33702532, 0.40031646,
       1.        , 0.32753165, 0.96202532, 0.57594937, 0.99841772,
       0.9984127 , 1.        , 1.        , 1.        , 1.        ,
       0.59076433, 1.        , 1.        , 1.        , 0.57436709,
       1.        , 1.        , 0.99520767, 0.98417722, 0.28955696,
       0.52056962, 0.59968354, 1.        , 0.96677215, 1.        ,
       1.        , 1.        , 0.9984127 , 0.51740506]), array([1.        , 1.        , 1.        , 0.59177215, 0.75238095,
       0.64240506, 0.99683544, 1.        , 1.        , 0.99361022,
       0.66507937, 0.96835443, 0.98259494, 0.625     , 0.50632911,
       1.        , 0.79113924, 0.83860759, 0.80696203, 0.79113924,
       0.9968254 , 1.        , 1.        , 1.        , 0.94462025,
       1.        , 0.99841772, 1.        , 0.99841772, 0.26582278,
       0.59493671, 0.99841772, 0.97923323, 0.99525316, 0.88924051,
       0.85443038, 0.54272152, 0.58412698, 0.93196203, 1.        ,
       1.        , 1.        , 1.        , 0.40981013, 0.78639241]), array([1.        , 1.        , 0.9984127 , 1.        , 0.78095238,
       0.80379747, 1.        , 1.        , 1.        , 0.99680511,
       0.73333333, 0.88765823, 1.        , 0.54113924, 0.01740506,
       1.        , 0.23259494, 0.78164557, 0.93512658, 1.        ,
       0.93650794, 1.        , 1.        , 1.        , 0.99841772,
       1.        , 1.        , 1.        , 0.98892405, 0.29113924,
       1.        , 1.        , 0.97444089, 0.95411392, 0.84335443,
       0.22468354, 0.95727848, 0.52698413, 0.96202532, 1.        ,
       1.        , 1.        , 1.        , 0.30696203, 0.87341772,
       0.99514563]), array([0.99683544, 1.        , 0.99365079, 0.59968354, 0.60793651,
       0.68196203, 0.98259494, 0.93829114, 0.99841772, 0.94408946,
       0.76190476, 0.84018987, 0.90348101, 1.        , 0.1835443 ,
       0.60443038, 0.9778481 , 0.79113924, 0.99841772, 0.99841772,
       0.89047619, 1.        , 0.97936508, 0.95727848, 0.86867089,
       0.59076433, 0.96360759, 0.99840764, 0.94620253, 0.19778481,
       0.54588608, 0.94936709, 0.99840256, 0.87341772, 0.92405063,
       0.35917722, 0.99367089, 0.98412698, 0.90189873, 0.99841772,
       1.        , 0.97151899, 0.9984127 , 0.35443038, 1.        ,
       1.        , 1.        ]), array([0.99841772, 1.        , 0.98730159, 1.        , 0.37619048,
       0.40348101, 0.99050633, 1.        , 0.99367089, 0.50638978,
       0.70952381, 0.84810127, 0.34493671, 1.        , 1.        ,
       1.        , 1.        , 0.85759494, 0.99683544, 1.        ,
       0.97777778, 1.        , 1.        , 1.        , 0.99841772,
       0.59076433, 0.97468354, 1.        , 0.98734177, 0.99683544,
       0.58386076, 0.98734177, 0.98242812, 0.93196203, 0.94620253,
       0.56170886, 1.        , 1.        , 0.60917722, 1.        ,
       0.99683544, 0.99683544, 0.9968254 , 1.        , 1.        ,
       0.99838188, 1.        , 0.59810127]), array([1.        , 1.        , 1.        , 1.        , 0.37460317,
       0.37974684, 0.99683544, 1.        , 0.99841772, 1.        ,
       0.98888889, 0.98417722, 0.55696203, 0.625     , 0.57278481,
       1.        , 0.58544304, 1.        , 0.66139241, 0.99841772,
       0.9952381 , 1.        , 1.        , 1.        , 0.99841772,
       1.        , 1.        , 1.        , 1.        , 0.57436709,
       1.        , 0.99841772, 1.        , 0.99841772, 0.18196203,
       0.34335443, 0.99841772, 0.6       , 0.38132911, 1.        ,
       1.        , 0.99841772, 0.9984127 , 0.62025316, 1.        ,
       1.        , 1.        , 1.        , 0.57911392]), array([0.58702532, 1.        , 1.        , 0.99841772, 0.45714286,
       0.38132911, 0.99683544, 1.        , 0.6028481 , 0.26198083,
       0.8968254 , 0.98575949, 0.57594937, 1.        , 0.99841772,
       0.60443038, 1.        , 0.98417722, 0.99841772, 1.        ,
       0.98412698, 1.        , 0.9984127 , 1.        , 0.60917722,
       0.53025478, 1.        , 1.        , 1.        , 1.        ,
       0.60443038, 0.98259494, 0.99201278, 0.93987342, 0.99208861,
       0.98575949, 1.        , 1.        , 0.40031646, 1.        ,
       0.57753165, 0.59651899, 0.9984127 , 1.        , 1.        ,
       1.        , 1.        , 0.59810127, 1.        , 0.99841772]), array([1.        , 0.99683544, 0.9968254 , 0.57911392, 0.49206349,
       0.63765823, 0.95094937, 0.98259494, 0.98417722, 0.97923323,
       0.72222222, 0.81170886, 0.89873418, 0.34177215, 0.24208861,
       1.        , 0.66772152, 0.75316456, 0.87974684, 1.        ,
       0.86349206, 1.        , 1.        , 0.98101266, 0.98259494,
       0.55414013, 0.99683544, 1.        , 0.93196203, 0.36550633,
       0.96993671, 1.        , 0.94888179, 0.89556962, 0.28481013,
       0.32911392, 0.90031646, 0.53174603, 0.8306962 , 1.        ,
       1.        , 0.99683544, 0.9984127 , 0.4414557 , 0.87658228,
       0.63592233, 0.99841772, 1.        , 0.96044304, 0.99841772,
       0.99367089]), array([1.        , 1.        , 0.56666667, 0.99841772, 0.43968254,
       0.41772152, 0.99683544, 1.        , 0.99525316, 0.41853035,
       0.87936508, 0.87974684, 0.93670886, 0.625     , 0.52373418,
       0.6028481 , 1.        , 0.96835443, 0.96835443, 0.5664557 ,
       0.9984127 , 1.        , 1.        , 0.97626582, 0.99841772,
       0.59076433, 0.99841772, 1.        , 0.98575949, 0.99841772,
       1.        , 0.98417722, 0.91214058, 0.99525316, 0.99525316,
       1.        , 0.99683544, 0.9984127 , 0.73101266, 1.        ,
       0.57911392, 0.59968354, 0.9984127 , 0.61867089, 0.99525316,
       0.96440129, 1.        , 0.59810127, 0.98734177, 0.56803797,
       1.        , 1.        ]), array([0.98259494, 0.50949367, 0.9968254 , 1.        , 0.47460317,
       0.46677215, 0.96202532, 0.99841772, 0.89082278, 0.83865815,
       0.99206349, 0.83860759, 0.26582278, 1.        , 0.99367089,
       0.43196203, 0.97626582, 1.        , 0.99367089, 0.98892405,
       0.97142857, 0.59775641, 0.9984127 , 0.99525316, 0.99841772,
       0.96815287, 0.99683544, 0.85350318, 1.        , 1.        ,
       0.9414557 , 0.9778481 , 0.94089457, 0.98734177, 0.96835443,
       0.98417722, 1.        , 0.9968254 , 0.70727848, 1.        ,
       1.        , 0.99525316, 0.99206349, 1.        , 0.99208861,
       0.92880259, 1.        , 0.99683544, 1.        , 0.57120253,
       1.        , 1.        , 0.99841772]), array([1.        , 1.        , 0.96825397, 0.59810127, 0.38095238,
       0.39398734, 0.95727848, 1.        , 0.99841772, 0.9313099 ,
       0.86666667, 0.75474684, 0.80696203, 0.625     , 0.58227848,
       0.99841772, 0.99841772, 0.99208861, 0.90189873, 1.        ,
       0.9984127 , 0.60096154, 1.        , 0.99367089, 0.99841772,
       0.59235669, 0.99841772, 0.99681529, 1.        , 0.57594937,
       1.        , 0.99208861, 0.94089457, 0.99683544, 0.98892405,
       0.99841772, 0.99841772, 0.5952381 , 0.24525316, 1.        ,
       0.99841772, 1.        , 0.9984127 , 0.62025316, 1.        ,
       0.61812298, 1.        , 1.        , 0.99841772, 0.99841772,
       1.        , 1.        , 1.        , 1.        ]), array([0.98575949, 0.99683544, 0.92857143, 0.59651899, 0.12380952,
       0.5       , 0.97151899, 0.93196203, 0.55379747, 0.31789137,
       0.86666667, 0.77689873, 0.85443038, 0.625     , 0.57911392,
       0.41455696, 0.98259494, 0.93037975, 0.83860759, 1.        ,
       0.88571429, 0.57852564, 0.9968254 , 0.9778481 , 0.58544304,
       0.36464968, 0.99208861, 0.99840764, 0.91772152, 0.99367089,
       0.85126582, 0.83544304, 0.90095847, 0.46835443, 0.84968354,
       0.88449367, 1.        , 0.96825397, 0.73892405, 0.94620253,
       1.        , 0.91297468, 0.9984127 , 0.99683544, 0.98734177,
       0.49514563, 0.99841772, 0.59810127, 0.99050633, 0.51898734,
       0.99683544, 1.        , 0.99841772, 0.99683544, 0.99208861]), array([1.        , 1.        , 1.        , 0.99525316, 0.4952381 ,
       0.73259494, 0.99367089, 0.99841772, 1.        , 0.81948882,
       0.86666667, 0.75949367, 0.91139241, 0.34018987, 0.39873418,
       0.99367089, 0.69936709, 0.90822785, 0.07594937, 0.60443038,
       0.86984127, 1.        , 1.        , 0.98892405, 0.99683544,
       0.96178344, 1.        , 0.99840764, 0.9778481 , 0.21202532,
       0.97626582, 1.        , 0.97603834, 0.94936709, 0.18829114,
       0.35759494, 0.29746835, 0.28095238, 0.83702532, 1.        ,
       1.        , 0.99841772, 0.9984127 , 0.4778481 , 0.29272152,
       0.96601942, 1.        , 1.        , 0.48417722, 1.        ,
       1.        , 0.48417722, 1.        , 1.        , 0.99841772,
       1.        ]), array([0.97151899, 0.98575949, 0.81746032, 0.59968354, 0.44444444,
       0.61867089, 0.91297468, 0.86075949, 0.88924051, 0.80670927,
       0.73809524, 0.72626582, 0.72310127, 0.625     , 0.97310127,
       0.84018987, 0.93829114, 0.79588608, 0.67246835, 1.        ,
       0.83968254, 1.        , 1.        , 0.86550633, 0.94462025,
       0.84076433, 0.9193038 , 0.82961783, 0.875     , 0.44778481,
       0.89556962, 0.9193038 , 0.9313099 , 0.40822785, 0.72151899,
       0.36867089, 0.98575949, 0.51428571, 0.41613924, 0.98892405,
       1.        , 0.99367089, 0.9984127 , 0.90664557, 0.92563291,
       0.48058252, 0.99841772, 1.        , 0.56803797, 0.56962025,
       0.99841772, 1.        , 0.92405063, 1.        , 0.99841772,
       1.        , 0.99525316]), array([1.        , 1.        , 0.40634921, 0.5806962 , 0.56507937,
       0.73417722, 0.97151899, 0.89873418, 0.88924051, 0.85303514,
       0.87142857, 0.83386076, 0.81170886, 0.23417722, 0.20886076,
       0.97310127, 0.72626582, 0.81962025, 0.49208861, 0.52848101,
       0.86984127, 1.        , 1.        , 1.        , 0.97310127,
       0.50796178, 0.92879747, 1.        , 0.90348101, 0.19936709,
       0.94462025, 1.        , 0.98402556, 0.87183544, 0.53797468,
       0.52848101, 0.65348101, 0.26984127, 0.92879747, 1.        ,
       1.        , 1.        , 1.        , 0.82436709, 0.55537975,
       0.6197411 , 0.98892405, 1.        , 0.39240506, 0.99683544,
       0.99841772, 0.40031646, 0.98734177, 0.98892405, 1.        ,
       1.        , 1.        , 1.        ]), array([0.95411392, 0.97310127, 0.78730159, 0.54113924, 0.58253968,
       0.58702532, 0.85443038, 0.84493671, 0.82436709, 0.80031949,
       0.73333333, 0.7721519 , 0.75474684, 0.625     , 0.37816456,
       0.38607595, 0.90189873, 0.73734177, 0.65506329, 0.82594937,
       0.85555556, 0.99198718, 0.96031746, 0.95253165, 0.52689873,
       0.70063694, 0.92088608, 0.85191083, 0.83860759, 0.46677215,
       0.81329114, 0.81487342, 0.80511182, 0.42721519, 0.71993671,
       0.83702532, 0.87974684, 0.45079365, 0.82278481, 0.96677215,
       0.99841772, 0.86867089, 0.9984127 , 0.97943038, 0.86392405,
       0.46116505, 0.96360759, 0.96044304, 0.97151899, 0.52848101,
       0.97310127, 0.94936709, 0.96360759, 0.89398734, 0.99841772,
       0.99841772, 0.63132911, 0.93196203, 0.99525316]), array([1.        , 0.54905063, 0.98571429, 0.59810127, 0.54285714,
       0.67246835, 0.82753165, 0.9335443 , 0.80063291, 0.80351438,
       0.67301587, 0.74683544, 0.87341772, 0.14556962, 0.20886076,
       0.99367089, 0.58860759, 0.72310127, 0.54113924, 0.54746835,
       0.80634921, 0.98878205, 1.        , 0.9778481 , 0.84177215,
       0.58917197, 0.94303797, 0.99044586, 0.9556962 , 0.33860759,
       0.93670886, 0.96993671, 0.98402556, 0.86392405, 0.58702532,
       0.65664557, 0.48575949, 0.76349206, 0.88924051, 1.        ,
       0.99841772, 1.        , 0.9984127 , 0.36708861, 0.61075949,
       1.        , 1.        , 0.99841772, 0.38924051, 0.98892405,
       1.        , 0.49050633, 1.        , 0.96202532, 1.        ,
       1.        , 0.99841772, 0.63449367, 0.99841772, 1.        ]), 0.796]